// 26 degree, speed=auto, dir=1


Protocol  : UNKNOWN
Code      : 0x79C3C3CC (74 Bits)
uint16_t rawData[147] = {3230, 1538,  364, 344,  362, 350,  364, 1190,  364, 1190,  362, 346,  362, 352,  332, 376,  358, 350,  362, 1192,  360, 1196,  362, 1190,  362, 1192,  362, 1192,  358, 1194,  362, 1190,  366, 1190,  360, 350,  358, 352,  360, 1194,  362, 1192,  336, 1216,  360, 1194,  360, 1194,  358, 1194,  362, 348,  360, 350,  362, 1194,  358, 1196,  362, 1192,  360, 1192,  360, 1196,  356, 1196,  362, 348,  358, 350,  360, 350,  362, 1196,  358, 1194,  358, 1194,  358, 1194,  360, 1194,  356, 352,  358, 352,  362, 348,  360, 1196,  358, 1196,  358, 348,  360, 1194,  358, 352,  360, 350,  362, 350,  356, 1198,  358, 1196,  356, 1196,  358, 1196,  358, 1196,  356, 1196,  358, 350,  334, 376,  360, 1194,  358, 352,  358, 350,  362, 350,  356, 356,  354, 352,  336, 1220,  358, 352,  356, 354,  358, 352,  332, 378,  358, 358,  354, 354,  358, 352,  358};  // UNKNOWN 79C3C3CC


Timestamp : 000197.285
Library   : v2.8.6

Protocol  : UNKNOWN
Code      : 0x79C3C3CC (74 Bits)
uint16_t rawData[147] = {3266, 1524,  340, 344,  398, 312,  398, 1180,  340, 1214,  342, 344,  398, 312,  396, 314,  396, 314,  396, 1182,  340, 1212,  344, 1212,  340, 1212,  366, 1186,  342, 1214,  364, 1188,  366, 1190,  366, 320,  364, 346,  364, 1214,  368, 1186,  366, 1186,  366, 1188,  366, 1188,  366, 1186,  366, 322,  366, 346,  362, 1212,  368, 1186,  368, 1186,  366, 1188,  368, 1188,  366, 1186,  362, 326,  364, 346,  364, 348,  362, 1214,  364, 1190,  364, 1188,  344, 1210,  342, 1212,  340, 348,  362, 352,  360, 346,  366, 1210,  342, 1212,  340, 346,  364, 1214,  340, 346,  364, 346,  364, 346,  364, 1214,  340, 1212,  340, 1214,  338, 1214,  340, 1212,  340, 1214,  340, 348,  362, 348,  362, 1212,  340, 348,  364, 348,  362, 346,  364, 346,  366, 346,  364, 1212,  340, 348,  364, 346,  362, 350,  362, 346,  362, 348,  364, 346,  362, 348,  364};  // UNKNOWN 79C3C3CC


Timestamp : 000200.761
Library   : v2.8.6

Protocol  : UNKNOWN
Code      : 0x79C3C3CC (74 Bits)
uint16_t rawData[147] = {3234, 1556,  374, 314,  388, 322,  364, 1214,  372, 1182,  372, 314,  392, 318,  366, 344,  364, 346,  364, 1214,  372, 1182,  368, 1184,  370, 1184,  368, 1186,  370, 1184,  368, 1186,  366, 1186,  370, 318,  394, 316,  392, 1184,  370, 1184,  368, 1186,  366, 1186,  368, 1186,  366, 1186,  366, 320,  398, 314,  396, 1182,  368, 1184,  366, 1188,  366, 1186,  342, 1212,  342, 1212,  340, 346,  398, 312,  396, 316,  394, 1182,  340, 1212,  342, 1212,  344, 1212,  340, 1214,  340, 346,  396, 314,  398, 312,  396, 1180,  340, 1216,  340, 346,  398, 1180,  342, 346,  396, 314,  398, 312,  396, 1180,  344, 1212,  342, 1212,  340, 1212,  342, 1212,  340, 1212,  342, 346,  396, 314,  398, 1180,  340, 348,  394, 314,  396, 314,  398, 314,  396, 314,  396, 1180,  342, 344,  396, 318,  394, 314,  396, 314,  398, 312,  396, 314,  396, 314,  396};  // UNKNOWN 79C3C3CC



// 27 degree, speed=auto, dir=1


Timestamp : 000107.868
Library   : v2.8.6

Protocol  : UNKNOWN
Code      : 0x2D338FE9 (74 Bits)
uint16_t rawData[147] = {3234, 1560,  370, 312,  364, 346,  364, 1218,  368, 1184,  370, 314,  362, 348,  362, 346,  366, 346,  364, 1216,  368, 1186,  370, 1182,  370, 1184,  372, 1184,  370, 1182,  370, 1184,  368, 1186,  368, 314,  364, 348,  362, 1218,  370, 1182,  370, 1186,  370, 1182,  370, 1182,  370, 1186,  370, 312,  366, 346,  364, 1216,  372, 1184,  370, 1182,  370, 1182,  374, 1182,  370, 1184,  370, 314,  364, 346,  364, 348,  362, 1214,  372, 1182,  372, 1182,  370, 1182,  370, 1182,  374, 314,  362, 346,  366, 346,  364, 1214,  372, 1182,  370, 316,  392, 1186,  372, 1182,  370, 318,  394, 314,  392, 1186,  368, 1186,  366, 1186,  342, 1212,  342, 1212,  340, 1212,  342, 346,  396, 316,  394, 1182,  342, 346,  396, 314,  396, 314,  396, 314,  394, 318,  394, 1180,  344, 344,  396, 314,  396, 316,  394, 316,  394, 314,  398, 312,  396, 1182,  344};  // UNKNOWN 2D338FE9


Timestamp : 000117.358
Library   : v2.8.6

Protocol  : UNKNOWN
Code      : 0x2D338FE9 (74 Bits)
uint16_t rawData[147] = {3234, 1560,  370, 312,  390, 322,  390, 1192,  370, 1184,  370, 312,  390, 322,  392, 318,  394, 318,  394, 1186,  370, 1182,  370, 1184,  372, 1182,  370, 1184,  370, 1184,  370, 1182,  370, 1184,  372, 312,  394, 316,  390, 1190,  370, 1186,  370, 1182,  370, 1184,  372, 1182,  372, 1180,  370, 314,  394, 316,  398, 1182,  370, 1182,  372, 1182,  370, 1182,  370, 1186,  370, 1182,  370, 316,  394, 314,  396, 314,  398, 1182,  372, 1182,  372, 1184,  370, 1182,  372, 1182,  372, 312,  398, 314,  396, 314,  396, 1184,  372, 1182,  370, 314,  396, 1184,  370, 1182,  370, 314,  396, 314,  398, 1184,  368, 1184,  370, 1182,  372, 1184,  368, 1184,  370, 1182,  372, 312,  398, 314,  396, 1186,  368, 314,  396, 314,  398, 310,  396, 314,  396, 314,  398, 1182,  370, 314,  396, 316,  394, 314,  396, 314,  394, 316,  394, 314,  396, 1182,  372};  // UNKNOWN 2D338FE9


// 28 degree, speed=auto, dir=1

Timestamp : 000239.464
Library   : v2.8.6

Protocol  : UNKNOWN
Code      : 0x332FBED0 (74 Bits)
uint16_t rawData[147] = {3266, 1524,  366, 322,  396, 314,  392, 1186,  340, 1212,  340, 348,  396, 314,  398, 312,  398, 314,  396, 1180,  342, 1210,  342, 1212,  340, 1212,  344, 1210,  342, 1212,  364, 1190,  364, 1188,  370, 318,  390, 318,  396, 1182,  366, 1186,  342, 1214,  366, 1186,  368, 1186,  368, 1186,  366, 320,  364, 346,  390, 1188,  366, 1186,  370, 1184,  368, 1186,  366, 1186,  368, 1186,  366, 320,  364, 348,  388, 322,  390, 1188,  366, 1188,  366, 1186,  368, 1184,  370, 1184,  370, 320,  364, 344,  366, 346,  390, 1186,  368, 1188,  366, 1186,  370, 318,  362, 346,  366, 344,  388, 324,  388, 1186,  370, 1186,  366, 1186,  368, 1188,  366, 1186,  368, 1186,  370, 320,  364, 348,  388, 1186,  368, 320,  364, 346,  392, 318,  392, 320,  392, 318,  394, 1182,  366, 322,  362, 348,  366, 344,  394, 316,  392, 1184,  368, 1186,  368, 320,  366};  // UNKNOWN 332FBED0


Timestamp : 000242.029
Library   : v2.8.6

Protocol  : UNKNOWN
Code      : 0x332FBED0 (74 Bits)
uint16_t rawData[147] = {3238, 1556,  374, 310,  364, 346,  364, 1218,  370, 1184,  370, 312,  364, 348,  362, 346,  364, 348,  364, 1216,  370, 1184,  370, 1184,  370, 1182,  370, 1184,  370, 1186,  370, 1182,  370, 1186,  370, 312,  364, 348,  364, 1216,  370, 1186,  370, 1182,  370, 1184,  370, 1184,  370, 1184,  370, 314,  364, 346,  364, 1216,  370, 1186,  370, 1184,  370, 1182,  370, 1186,  368, 1184,  370, 314,  366, 344,  366, 344,  364, 1216,  370, 1186,  370, 1182,  370, 1184,  368, 1184,  370, 310,  366, 346,  364, 346,  364, 1218,  368, 1182,  370, 1184,  372, 312,  366, 344,  366, 346,  364, 348,  362, 1218,  370, 1184,  368, 1186,  370, 1182,  370, 1184,  370, 1184,  370, 312,  364, 346,  366, 1218,  370, 312,  366, 346,  364, 346,  364, 346,  366, 344,  366, 1218,  368, 314,  366, 344,  366, 344,  364, 348,  364, 1216,  372, 1182,  372, 312,  366};  // UNKNOWN 332FBED0

// 25 degree, speed=auto, dir=1

Timestamp : 000323.604
Library   : v2.8.6

Protocol  : UNKNOWN
Code      : 0xD612BE9 (74 Bits)
uint16_t rawData[147] = {3236, 1560,  370, 312,  366, 344,  366, 1216,  368, 1186,  368, 314,  362, 348,  366, 346,  362, 346,  366, 1216,  374, 1182,  368, 1182,  370, 1184,  370, 1184,  370, 1182,  370, 1186,  368, 1186,  370, 314,  364, 344,  364, 1218,  370, 1184,  370, 1184,  372, 1182,  370, 1182,  370, 1186,  370, 312,  366, 346,  364, 1216,  372, 1182,  370, 1184,  370, 1184,  372, 1182,  370, 1186,  368, 314,  366, 344,  364, 348,  364, 1218,  370, 1184,  370, 1184,  372, 1182,  370, 1184,  370, 314,  364, 346,  364, 344,  366, 1216,  368, 1186,  370, 310,  366, 346,  364, 1216,  372, 310,  366, 346,  366, 1216,  368, 1186,  370, 1182,  370, 1186,  368, 1184,  370, 1186,  368, 314,  366, 346,  364, 1216,  370, 314,  366, 344,  366, 344,  366, 344,  364, 348,  362, 1218,  370, 312,  366, 344,  366, 346,  362, 346,  366, 344,  366, 1216,  370, 1184,  370};  // UNKNOWN D612BE9


Timestamp : 000325.202
Library   : v2.8.6

Protocol  : UNKNOWN
Code      : 0xD612BE9 (74 Bits)
uint16_t rawData[147] = {3236, 1560,  370, 312,  364, 346,  366, 1216,  372, 1182,  370, 312,  364, 346,  366, 344,  366, 344,  364, 1216,  370, 1184,  372, 1182,  370, 1184,  372, 1182,  372, 1182,  372, 1188,  366, 1182,  370, 314,  362, 346,  366, 1216,  370, 1184,  370, 1186,  370, 1182,  370, 1182,  370, 1186,  368, 314,  364, 346,  366, 1216,  368, 1184,  368, 1186,  370, 1186,  370, 1182,  370, 1186,  368, 312,  366, 346,  364, 346,  364, 1218,  370, 1182,  370, 1184,  368, 1186,  370, 1184,  370, 314,  366, 344,  364, 346,  364, 1216,  370, 1182,  372, 312,  364, 348,  362, 1218,  370, 312,  366, 344,  366, 1216,  372, 1182,  370, 1182,  370, 1184,  370, 1184,  370, 1186,  368, 314,  366, 344,  364, 1216,  370, 314,  366, 344,  366, 346,  366, 346,  362, 346,  366, 1214,  372, 312,  364, 348,  362, 348,  364, 346,  364, 346,  366, 1214,  370, 1186,  370};  // UNKNOWN D612BE9












