wind-speed=0, wind-dir=1


// 25 -> 26

Timestamp : 000368.834
Library   : v2.8.6

Protocol  : UNKNOWN
Code      : 0x77F511E8 (74 Bits)
uint16_t rawData[147] = {3234, 1560,  370, 312,  366, 346,  362, 1218,  370, 1182,  370, 314,  366, 344,  364, 344,  366, 348,  362, 1216,  372, 312,  366, 1216,  370, 1186,  368, 1186,  370, 1188,  366, 1186,  370, 1182,  370, 314,  362, 346,  366, 1216,  370, 1184,  370, 1184,  370, 1184,  370, 1184,  370, 1182,  372, 312,  366, 346,  366, 1216,  370, 1182,  370, 1184,  370, 1182,  370, 1182,  370, 1186,  368, 314,  366, 346,  364, 346,  364, 1218,  370, 1182,  370, 1186,  370, 1182,  370, 1182,  372, 312,  364, 346,  364, 346,  364, 1220,  366, 1184,  370, 312,  364, 1216,  370, 314,  366, 344,  366, 346,  362, 1218,  368, 1184,  370, 1182,  370, 1184,  372, 1182,  370, 1182,  372, 312,  366, 346,  364, 1216,  372, 312,  366, 344,  366, 344,  364, 346,  364, 348,  364, 1216,  370, 312,  364, 348,  364, 346,  366, 344,  364, 1216,  370, 314,  362, 348,  366};  // UNKNOWN 77F511E8


// 26 -> 27

Timestamp : 000397.834
Library   : v2.8.6

Protocol  : UNKNOWN
Code      : 0x2B64DE05 (74 Bits)
uint16_t rawData[147] = {3238, 1556,  370, 312,  364, 346,  366, 1216,  368, 1184,  370, 312,  366, 344,  364, 346,  364, 346,  366, 1216,  370, 314,  366, 1216,  370, 1182,  372, 1182,  372, 1182,  370, 1184,  370, 1182,  370, 314,  364, 346,  366, 1216,  370, 1184,  370, 1184,  370, 1184,  370, 1182,  372, 1184,  368, 314,  364, 346,  364, 1216,  372, 1182,  370, 1184,  372, 1182,  372, 1182,  372, 1184,  370, 314,  364, 346,  364, 346,  366, 1216,  370, 1182,  370, 1182,  372, 1182,  370, 1182,  372, 314,  364, 344,  364, 346,  364, 1216,  376, 1178,  370, 314,  364, 1216,  372, 1184,  370, 314,  362, 348,  362, 1218,  370, 1182,  370, 1184,  370, 1184,  370, 1182,  372, 1182,  372, 312,  366, 346,  364, 1216,  370, 312,  366, 348,  364, 346,  364, 346,  364, 346,  366, 1214,  370, 314,  366, 346,  366, 344,  366, 346,  364, 1216,  370, 314,  364, 1218,  370};  // UNKNOWN 2B64DE05


// 27 -> 28

Timestamp : 000430.082
Library   : v2.8.6

Protocol  : UNKNOWN
Code      : 0x7301B3A2 (74 Bits)
uint16_t rawData[147] = {3236, 1558,  368, 314,  366, 346,  366, 1214,  370, 1186,  368, 312,  366, 344,  364, 348,  362, 348,  364, 1218,  370, 310,  366, 1216,  370, 1186,  368, 1184,  370, 1182,  372, 1182,  370, 1184,  370, 314,  366, 344,  366, 1216,  370, 1186,  368, 1186,  370, 1184,  370, 1184,  370, 1182,  370, 314,  362, 348,  362, 1218,  370, 1184,  370, 1186,  370, 1182,  370, 1184,  372, 1182,  370, 314,  362, 346,  364, 348,  364, 1218,  368, 1184,  370, 1184,  370, 1184,  370, 1184,  370, 314,  364, 348,  382, 328,  364, 1218,  368, 1184,  370, 1184,  372, 310,  366, 344,  366, 348,  388, 322,  390, 1190,  370, 1182,  370, 1184,  372, 1182,  370, 1184,  370, 1184,  370, 312,  366, 344,  366, 1216,  370, 314,  366, 344,  394, 316,  392, 320,  392, 318,  396, 1186,  372, 312,  394, 318,  390, 324,  390, 318,  396, 316,  398, 1182,  372, 312,  396};  // UNKNOWN 7301B3A2


// 28 -> 27

Timestamp : 000451.332
Library   : v2.8.6

Protocol  : UNKNOWN
Code      : 0x2B64DE05 (74 Bits)
uint16_t rawData[147] = {3234, 1558,  372, 312,  366, 344,  366, 1216,  370, 1186,  368, 310,  392, 322,  364, 346,  366, 342,  366, 1216,  370, 314,  366, 1214,  372, 1182,  370, 1184,  370, 1182,  370, 1184,  372, 1182,  370, 312,  392, 320,  392, 1188,  368, 1184,  370, 1184,  370, 1184,  370, 1184,  370, 1184,  372, 310,  396, 318,  390, 1190,  372, 1184,  370, 1182,  372, 1184,  370, 1182,  370, 1182,  372, 312,  392, 320,  394, 316,  394, 1186,  370, 1184,  370, 1182,  372, 1182,  370, 1184,  370, 314,  398, 314,  396, 312,  398, 1184,  370, 1184,  372, 312,  398, 1184,  370, 1184,  372, 312,  396, 314,  398, 1182,  370, 1184,  370, 1184,  370, 1184,  370, 1182,  370, 1182,  374, 312,  398, 312,  398, 1182,  370, 314,  398, 312,  398, 312,  398, 314,  396, 314,  396, 1184,  370, 314,  394, 314,  396, 314,  396, 312,  398, 1182,  372, 314,  394, 1182,  378};  // UNKNOWN 2B64DE05


// 27 -> 26

Timestamp : 000479.830
Library   : v2.8.6

Protocol  : UNKNOWN
Code      : 0x77F511E8 (74 Bits)
uint16_t rawData[147] = {3234, 1556,  372, 312,  394, 316,  398, 1182,  370, 1184,  368, 314,  396, 314,  396, 314,  400, 310,  398, 1182,  372, 302,  406, 1186,  370, 1182,  370, 1184,  370, 1182,  370, 1182,  370, 1184,  370, 314,  394, 314,  396, 1184,  370, 1184,  370, 1182,  372, 1182,  370, 1182,  374, 1182,  370, 312,  398, 314,  396, 1182,  372, 1182,  370, 1182,  372, 1182,  372, 1182,  370, 1182,  372, 312,  398, 314,  394, 314,  396, 1182,  372, 1184,  370, 1182,  370, 1182,  372, 1182,  372, 314,  394, 314,  396, 314,  398, 1182,  370, 1182,  372, 314,  394, 1182,  370, 316,  394, 318,  392, 316,  396, 1184,  370, 1182,  374, 1180,  372, 1182,  372, 1180,  374, 1182,  370, 314,  394, 318,  396, 1182,  370, 316,  394, 318,  392, 318,  392, 318,  392, 318,  392, 1162,  390, 318,  392, 318,  394, 316,  394, 318,  390, 1164,  390, 318,  392, 318,  394};  // UNKNOWN 77F511E8

// 26 -> 25

Timestamp : 000513.330
Library   : v2.8.6

Protocol  : UNKNOWN
Code      : 0x772DD0E7 (74 Bits)
uint16_t rawData[147] = {3236, 1558,  370, 312,  366, 346,  396, 1184,  372, 1184,  370, 314,  392, 318,  394, 316,  394, 318,  396, 1184,  372, 312,  394, 1186,  370, 1184,  372, 1182,  370, 1182,  370, 1184,  370, 1182,  370, 314,  390, 318,  398, 1184,  370, 1182,  370, 1186,  368, 1184,  368, 1184,  372, 1182,  370, 312,  394, 318,  392, 1190,  368, 1182,  372, 1184,  372, 1182,  370, 1184,  372, 1182,  370, 312,  394, 318,  394, 314,  396, 1184,  370, 1182,  370, 1182,  372, 1184,  370, 1182,  370, 312,  400, 312,  398, 312,  398, 1182,  370, 1182,  372, 310,  400, 312,  396, 1182,  372, 314,  394, 314,  396, 1182,  372, 1182,  370, 1182,  374, 1182,  370, 1184,  370, 1182,  372, 314,  398, 316,  394, 1184,  374, 310,  398, 312,  396, 314,  396, 314,  396, 314,  396, 1182,  372, 314,  394, 314,  396, 314,  396, 316,  396, 1182,  370, 1182,  372, 1182,  372};  // UNKNOWN 772DD0E7


Decoded result

// 25 -> 26

Found 147 timing entries.
Potential Mark Candidates:
[3234, 372]
Potential Space Candidates:
[1560, 1220, 348]

Guessing encoding type:
Looks like it uses space encoding. Yay!

Guessing key value:
kHdrMark   = 3234
kHdrSpace  = 1560
kBitMark   = 367
kOneSpace  = 1194
kZeroSpace = 333

Decoding protocol based on analysis so far:

kHdrMark+kHdrSpace+001100001011111100111111001111110001111100011010001111110010000010000100
  Bits: 72
  Hex:  0x30BF3F3F1F1A3F2084 (MSB first)
        0x2104FC58F8FCFCFD0C (LSB first)
  Dec:  899224518325652365444 (MSB first)
        609101814329117572364 (LSB first)
  Bin:  0b001100001011111100111111001111110001111100011010001111110010000010000100 (MSB first)
        0b001000010000010011111100010110001111100011111100111111001111110100001100 (LSB first)

Total Nr. of suspected bits: 72


// 26 -> 27


Found 147 timing entries.
Potential Mark Candidates:
[3238, 376]
Potential Space Candidates:
[1556, 1218, 348]

Guessing encoding type:
Looks like it uses space encoding. Yay!

Guessing key value:
kHdrMark   = 3238
kHdrSpace  = 1556
kBitMark   = 368
kOneSpace  = 1193
kZeroSpace = 332

Decoding protocol based on analysis so far:

kHdrMark+kHdrSpace+001100001011111100111111001111110001111100011011001111110010000010000101
  Bits: 72
  Hex:  0x30BF3F3F1F1B3F2085 (MSB first)
        0xA104FCD8F8FCFCFD0C (LSB first)
  Dec:  899224518325669142661 (MSB first)
        2970285196501428534540 (LSB first)
  Bin:  0b001100001011111100111111001111110001111100011011001111110010000010000101 (MSB first)
        0b101000010000010011111100110110001111100011111100111111001111110100001100 (LSB first)

Total Nr. of suspected bits: 72

// 27 -> 28

Found 147 timing entries.
Potential Mark Candidates:
[3236, 398]
Potential Space Candidates:
[1558, 1218, 348]

Guessing encoding type:
Looks like it uses space encoding. Yay!

Guessing key value:
kHdrMark   = 3236
kHdrSpace  = 1558
kBitMark   = 372
kOneSpace  = 1190
kZeroSpace = 327

Decoding protocol based on analysis so far:

kHdrMark+kHdrSpace+001100001011111100111111001111110001111100011100001111110010000010000010
  Bits: 72
  Hex:  0x30BF3F3F1F1C3F2082 (MSB first)
        0x4104FC38F8FCFCFD0C (LSB first)
  Dec:  899224518325685919874 (MSB first)
        1199397589503451135244 (LSB first)
  Bin:  0b001100001011111100111111001111110001111100011100001111110010000010000010 (MSB first)
        0b010000010000010011111100001110001111100011111100111111001111110100001100 (LSB first)

Total Nr. of suspected bits: 72



