26 degree, wind-dir=1

// 0 -> 1

Timestamp : 000766.070
Library   : v2.8.6

Protocol  : UNKNOWN
Code      : 0x4E57658C (74 Bits)
uint16_t rawData[147] = {3234, 1558,  372, 312,  394, 318,  392, 1186,  372, 1182,  372, 314,  392, 318,  388, 322,  396, 314,  398, 1184,  370, 312,  392, 1188,  370, 1184,  372, 1184,  370, 1182,  370, 1184,  370, 1182,  370, 312,  394, 318,  396, 1184,  372, 1182,  370, 1182,  372, 1182,  370, 1182,  370, 1184,  370, 312,  398, 314,  396, 1182,  372, 1182,  370, 1182,  374, 1182,  370, 1184,  370, 1182,  372, 312,  398, 310,  400, 312,  396, 1182,  372, 1184,  370, 1182,  372, 1184,  370, 1182,  372, 314,  396, 312,  400, 1182,  370, 1182,  370, 1184,  370, 316,  394, 1182,  372, 312,  398, 314,  394, 314,  396, 1182,  372, 1184,  370, 1182,  372, 1182,  372, 1184,  370, 1182,  370, 314,  398, 314,  396, 1184,  372, 314,  396, 314,  396, 314,  394, 314,  398, 314,  394, 1184,  370, 314,  396, 316,  396, 314,  398, 314,  396, 1184,  370, 1182,  372, 316,  394};  // UNKNOWN 4E57658C

// 1 -> 2

Timestamp : 000786.065
Library   : v2.8.6

Protocol  : UNKNOWN
Code      : 0xC07D97A8 (74 Bits)
uint16_t rawData[147] = {3234, 1556,  372, 312,  400, 314,  396, 1182,  372, 1182,  372, 312,  398, 314,  396, 284,  426, 314,  398, 1182,  370, 312,  398, 1182,  372, 1184,  370, 1182,  372, 1182,  370, 1182,  372, 1180,  372, 314,  396, 314,  396, 1182,  374, 1182,  370, 1182,  372, 1184,  370, 1182,  370, 1182,  374, 312,  398, 314,  396, 1182,  374, 1180,  372, 1184,  370, 1182,  372, 1184,  370, 1182,  372, 312,  398, 314,  394, 314,  396, 1182,  372, 1184,  370, 1182,  374, 1180,  372, 1182,  370, 314,  396, 1184,  370, 312,  398, 1182,  370, 1182,  374, 312,  398, 1182,  374, 310,  400, 312,  398, 312,  398, 1182,  372, 1182,  372, 1182,  372, 1182,  372, 1182,  372, 1182,  374, 314,  396, 314,  396, 1182,  372, 314,  398, 314,  394, 316,  396, 314,  394, 316,  394, 1182,  372, 316,  394, 318,  394, 316,  396, 312,  398, 314,  396, 314,  396, 316,  396};  // UNKNOWN C07D97A8

// 2 -> 3

Timestamp : 000841.817
Library   : v2.8.6

Protocol  : UNKNOWN
Code      : 0x72A6A54 (74 Bits)
uint16_t rawData[147] = {3234, 1556,  370, 314,  398, 312,  398, 1182,  370, 1182,  372, 314,  396, 316,  396, 314,  394, 314,  398, 1182,  372, 314,  396, 1182,  372, 1180,  372, 1182,  370, 1182,  372, 1182,  370, 1182,  374, 312,  396, 312,  398, 1184,  370, 1182,  372, 1184,  370, 1182,  372, 1182,  372, 1182,  374, 312,  398, 314,  396, 1182,  372, 1182,  372, 1182,  372, 1182,  374, 1180,  372, 1182,  370, 314,  396, 316,  396, 314,  396, 1182,  370, 1182,  372, 1182,  370, 1182,  372, 1182,  372, 314,  394, 1182,  374, 1180,  372, 1184,  372, 1182,  372, 316,  396, 1182,  374, 312,  398, 314,  394, 316,  394, 1184,  370, 1182,  374, 1182,  370, 1182,  372, 1180,  372, 1182,  370, 318,  394, 314,  396, 1184,  370, 318,  394, 314,  396, 316,  394, 314,  396, 316,  394, 1182,  374, 314,  396, 314,  394, 318,  392, 316,  396, 312,  398, 1180,  372, 316,  396};  // UNKNOWN 72A6A54

// 3 -> 0

Timestamp : 000860.565
Library   : v2.8.6

Protocol  : UNKNOWN
Code      : 0x77F511E8 (74 Bits)
uint16_t rawData[147] = {3236, 1556,  372, 314,  398, 314,  396, 1184,  370, 1182,  370, 314,  398, 314,  394, 314,  396, 314,  396, 1182,  372, 312,  398, 1184,  370, 1182,  372, 1182,  370, 1182,  372, 1180,  372, 1182,  374, 314,  396, 314,  396, 1182,  372, 1182,  372, 1182,  372, 1180,  374, 1182,  372, 1182,  372, 316,  394, 314,  396, 1182,  370, 1184,  372, 1180,  374, 1182,  374, 1180,  372, 1182,  370, 314,  396, 314,  398, 312,  396, 1182,  372, 1182,  372, 1182,  372, 1182,  374, 1178,  372, 316,  396, 318,  392, 314,  398, 1180,  374, 1182,  370, 312,  398, 1180,  372, 314,  396, 314,  396, 316,  396, 1180,  372, 1182,  372, 1182,  372, 1182,  372, 1180,  372, 1182,  372, 314,  396, 318,  394, 1182,  372, 314,  396, 314,  394, 316,  398, 314,  394, 318,  392, 1180,  372, 314,  396, 316,  396, 314,  396, 314,  396, 1182,  372, 316,  396, 316,  394};  // UNKNOWN 77F511E8

// 0 -> 1

Timestamp : 000879.815
Library   : v2.8.6

Protocol  : UNKNOWN
Code      : 0x4E57658C (74 Bits)
uint16_t rawData[147] = {3236, 1556,  370, 314,  396, 314,  400, 1182,  370, 1184,  370, 312,  400, 312,  398, 312,  398, 314,  396, 1184,  372, 312,  398, 1182,  372, 1182,  372, 1182,  372, 1182,  372, 1184,  370, 1182,  372, 310,  398, 314,  396, 1182,  370, 1184,  372, 1182,  370, 1182,  372, 1180,  372, 1182,  372, 314,  396, 314,  398, 1184,  370, 1182,  370, 1182,  372, 1182,  374, 1180,  372, 1182,  372, 314,  396, 314,  398, 314,  396, 1184,  370, 1182,  374, 1182,  370, 1182,  370, 1182,  374, 314,  394, 316,  396, 1182,  374, 1180,  372, 1182,  370, 314,  398, 1180,  374, 314,  396, 314,  400, 308,  398, 1182,  370, 1182,  372, 1184,  368, 1182,  370, 1182,  374, 1180,  372, 314,  396, 318,  392, 1182,  374, 316,  394, 316,  394, 318,  394, 318,  392, 318,  394, 1182,  370, 316,  394, 318,  392, 318,  396, 314,  394, 1184,  370, 1182,  374, 316,  394};  // UNKNOWN 4E57658C

