26 degree, wind-speed=0

// 1 -> 2

Timestamp : 000582.826
Library   : v2.8.6

Protocol  : UNKNOWN
Code      : 0xE9A2468 (74 Bits)
uint16_t rawData[147] = {3234, 1558,  370, 314,  364, 346,  366, 1214,  370, 1186,  370, 312,  364, 346,  364, 346,  364, 346,  364, 1218,  370, 314,  364, 1216,  372, 1184,  368, 1184,  370, 1186,  368, 1184,  370, 1184,  372, 312,  364, 346,  364, 1218,  372, 1182,  370, 1182,  372, 1184,  370, 1182,  370, 1184,  372, 312,  366, 344,  368, 1212,  370, 1186,  370, 1184,  370, 1184,  370, 1182,  370, 1184,  370, 314,  366, 344,  364, 346,  364, 1218,  368, 1186,  370, 1182,  370, 1186,  370, 1182,  370, 314,  364, 346,  366, 344,  366, 1216,  370, 1184,  370, 312,  366, 1216,  370, 314,  364, 346,  366, 346,  366, 1216,  370, 1184,  372, 1180,  374, 1180,  370, 1184,  372, 1182,  370, 314,  390, 1190,  370, 312,  392, 320,  390, 320,  392, 318,  392, 316,  396, 314,  394, 1186,  370, 314,  396, 316,  394, 316,  396, 314,  396, 314,  396, 1182,  372, 312,  398};  // UNKNOWN E9A2468


// 2 -> 3

Timestamp : 000619.324
Library   : v2.8.6

Protocol  : UNKNOWN
Code      : 0x6DC9A7E (74 Bits)
uint16_t rawData[147] = {3234, 1558,  370, 312,  364, 346,  368, 1214,  370, 1184,  370, 312,  364, 346,  366, 344,  366, 344,  366, 1216,  370, 314,  366, 1216,  370, 1184,  370, 1182,  372, 1182,  370, 1184,  372, 1184,  368, 312,  366, 346,  390, 1192,  370, 1182,  370, 1184,  370, 1184,  370, 1184,  368, 1184,  370, 312,  366, 344,  364, 1218,  368, 1184,  370, 1184,  368, 1186,  370, 1184,  370, 1184,  370, 314,  366, 346,  392, 316,  368, 1214,  372, 1182,  370, 1184,  372, 1182,  370, 1182,  372, 310,  368, 342,  368, 344,  394, 1188,  370, 1184,  370, 312,  392, 1190,  370, 314,  390, 320,  392, 318,  394, 1188,  370, 1184,  370, 1184,  368, 1186,  370, 1184,  370, 1186,  370, 312,  394, 1186,  370, 1182,  372, 312,  392, 318,  394, 316,  398, 312,  396, 314,  394, 1186,  370, 316,  394, 314,  394, 316,  396, 314,  398, 314,  398, 312,  396, 314,  396};  // UNKNOWN 6DC9A7E


// 3 -> 4

Timestamp : 000653.072
Library   : v2.8.6

Protocol  : UNKNOWN
Code      : 0x373B2A2A (74 Bits)
uint16_t rawData[147] = {3232, 1558,  370, 314,  396, 314,  396, 1186,  370, 1182,  370, 312,  398, 314,  398, 312,  398, 314,  396, 1184,  370, 260,  450, 1182,  370, 1182,  374, 1182,  372, 1180,  372, 1184,  370, 1182,  372, 310,  398, 312,  398, 1182,  372, 1182,  372, 1182,  370, 1182,  372, 1182,  372, 1182,  370, 314,  400, 312,  396, 1184,  372, 1182,  372, 1184,  370, 1182,  372, 1182,  372, 1182,  370, 314,  398, 312,  398, 312,  398, 1182,  372, 1182,  372, 1182,  370, 1182,  372, 1182,  370, 314,  396, 312,  398, 314,  396, 1182,  374, 1182,  370, 316,  396, 1180,  372, 314,  398, 314,  396, 314,  396, 1182,  372, 1182,  372, 1182,  372, 1182,  372, 1180,  374, 1180,  372, 1182,  374, 312,  398, 312,  398, 312,  398, 316,  394, 314,  396, 314,  398, 314,  396, 1184,  370, 314,  396, 314,  398, 314,  398, 1182,  370, 1184,  372, 1182,  370, 314,  396};  // UNKNOWN 373B2A2A


// 4 -> 5

Timestamp : 000677.074
Library   : v2.8.6

Protocol  : UNKNOWN
Code      : 0x17F0E654 (74 Bits)
uint16_t rawData[147] = {3238, 1556,  370, 314,  366, 344,  364, 1216,  370, 1182,  372, 312,  366, 344,  366, 346,  392, 318,  366, 1214,  370, 312,  364, 1216,  372, 1182,  370, 1182,  370, 1184,  370, 1184,  370, 1182,  374, 310,  366, 346,  394, 1186,  370, 1186,  368, 1184,  370, 1184,  370, 1184,  370, 1182,  370, 314,  366, 344,  392, 1190,  370, 1184,  372, 1182,  370, 1184,  370, 1184,  372, 1182,  370, 314,  366, 346,  394, 316,  396, 1186,  370, 1186,  370, 1184,  368, 1184,  370, 1186,  370, 314,  388, 322,  392, 318,  394, 1186,  368, 1182,  372, 312,  366, 1214,  372, 312,  394, 314,  398, 314,  396, 1186,  368, 1184,  370, 1184,  372, 1180,  370, 1182,  374, 1182,  370, 1182,  370, 314,  398, 1182,  370, 314,  394, 314,  400, 312,  398, 312,  398, 312,  398, 1182,  372, 312,  398, 314,  398, 312,  398, 1186,  368, 1184,  370, 312,  398, 312,  398};  // UNKNOWN 17F0E654

// 5 -> 0

Timestamp : 000701.573
Library   : v2.8.6

Protocol  : UNKNOWN
Code      : 0xD416952A (74 Bits)
uint16_t rawData[147] = {3236, 1558,  370, 312,  396, 316,  398, 1182,  372, 1182,  370, 314,  396, 314,  398, 314,  396, 314,  396, 1184,  372, 312,  398, 1184,  370, 1182,  370, 1184,  370, 1182,  372, 1182,  370, 1184,  370, 312,  400, 312,  398, 1182,  370, 1184,  372, 1182,  370, 1182,  370, 1184,  372, 1180,  372, 312,  396, 314,  396, 1184,  370, 1184,  370, 1184,  370, 1182,  370, 1184,  372, 1184,  370, 312,  398, 314,  396, 314,  398, 1182,  372, 1182,  372, 1182,  372, 1182,  372, 1186,  368, 312,  400, 312,  402, 310,  396, 1184,  370, 1182,  370, 314,  396, 1184,  370, 312,  398, 316,  394, 314,  398, 1182,  372, 1182,  372, 1182,  372, 1182,  372, 1184,  374, 1180,  370, 1182,  372, 1182,  372, 1182,  372, 312,  396, 314,  396, 312,  398, 312,  398, 316,  396, 1182,  372, 312,  398, 312,  398, 316,  394, 1182,  374, 312,  396, 316,  394, 314,  396};  // UNKNOWN D416952A

// 0 -> 1

Timestamp : 000727.067
Library   : v2.8.6

Protocol  : UNKNOWN
Code      : 0x77F511E8 (74 Bits)
uint16_t rawData[147] = {3234, 1556,  372, 312,  396, 314,  398, 1182,  370, 1182,  372, 312,  398, 312,  398, 312,  398, 314,  398, 1182,  370, 260,  450, 1182,  370, 1182,  372, 1182,  372, 1184,  370, 1184,  370, 1182,  374, 310,  398, 314,  396, 1182,  374, 1180,  372, 1182,  372, 1182,  372, 1182,  370, 1182,  372, 312,  398, 312,  398, 1182,  372, 1182,  372, 1182,  372, 1182,  370, 1182,  372, 1184,  370, 314,  398, 312,  398, 314,  394, 1182,  372, 1182,  372, 1182,  370, 1182,  372, 1182,  372, 314,  396, 314,  396, 314,  398, 1182,  370, 1182,  370, 314,  398, 1180,  372, 316,  396, 314,  396, 316,  396, 1180,  372, 1182,  374, 1180,  372, 1182,  372, 1180,  374, 1180,  372, 314,  396, 314,  398, 1180,  372, 314,  396, 314,  398, 312,  396, 316,  396, 314,  394, 1182,  370, 316,  394, 316,  396, 316,  394, 314,  396, 1182,  372, 316,  394, 316,  394};  // UNKNOWN 77F511E8


